Cartesian Coordinates	Atom Name	AtomCharge 
-6.01026972	2.65849961	1.30023139	H	1
-6.98826972	2.65849961	1.30023139	H	1
-5.93261081	2.46073295	0.00000000	H	1
-6.88461081	2.46073295	0.00000000	H	1

 *** Basis sets used

H Z = 1	Atom Index 1
3.425250914	0.1543289673
0.6239137298	0.5353281423
0.168855404	0.4446345422

H Z = 1	Atom Index 2
3.425250914	0.1543289673
0.6239137298	0.5353281423
0.168855404	0.4446345422

H Z = 1	Atom Index 3
3.425250914	0.1543289673
0.6239137298	0.5353281423
0.168855404	0.4446345422

H Z = 1	Atom Index 4
3.425250914	0.1543289673
0.6239137298	0.5353281423
0.168855404	0.4446345422


 *** Overlap Matrix --------------------------------------

[[1.        ,0.80386336,0.68794039,0.5978127 ],
 [0.80386336,1.        ,0.56191281,0.68731972],
 [0.68794039,0.56191281,1.        ,0.8123913 ],
 [0.5978127 ,0.68731972,0.8123913 ,1.        ]]

 *** T matrix --------------------------------------

[[0.76003188,0.39260062,0.26331645,0.18385648],
 [0.39260062,0.76003188,0.15616674,0.26271646],
 [0.26331645,0.15616674,0.76003188,0.40382354],
 [0.18385648,0.26271646,0.40382354,0.76003188]]

 *** H matrix --------------------------------------

[[-2.5675791 ,-2.26616458,-1.99352433,-1.81252375],
 [-2.26616458,-2.53595554,-1.70390734,-1.99143395],
 [-1.99352433,-1.70390734,-2.5485274 ,-2.29321329],
 [-1.81252375,-1.99143395,-2.29321329,-2.57885012]]

 *** X matrix. Canonical orthogonalization --------------------------------------

[[-1.68095294,-0.99822808, 0.62740873, 0.28636165],
 [ 1.70218425, 0.86316251, 0.72954665, 0.28286509],
 [ 1.7698873 ,-0.82682804,-0.72547944, 0.28390028],
 [-1.7497155 , 0.9623528 ,-0.62686682, 0.28724643]]

 *** SCF Method --------------------------------------

nn repulsion energy: 4.8160922987884325
Cycle: 1 Energy_Total: 4.8160922987884325
Cycle: 2 Energy_Total: -1.3198198497988924
Cycle: 3 Energy_Total: -1.3204942478452049
Cycle: 4 Energy_Total: -1.3205379012539673
Cycle: 5 Energy_Total: -1.3205465669649286
