Cartesian Coordinates	Atom Name	AtomCharge 
0.00000000	0.00000000	0.00000000	He	2
0.00000000	0.00000000	2.74456263	He	2
2.89301385	0.00000000	-0.45820756	He	2
-0.94094944	-1.62977162	-1.57910050	He_ghost	0
-1.13383567	1.96386008	0.00000000	He_ghost	0

 *** Basis sets used

He Z = 2	Atom Index 1
6.3624214	0.15432897
1.158923	0.53532814
0.3136498	0.4446345422

He Z = 2	Atom Index 2
6.3624214	0.15432897
1.158923	0.53532814
0.3136498	0.4446345422

He Z = 2	Atom Index 3
6.3624214	0.15432897
1.158923	0.53532814
0.3136498	0.4446345422

He_ghost Z = 0	Atom Index 4
6.3624214	0.15432897
1.158923	0.53532814
0.3136498	0.4446345422

He_ghost Z = 0	Atom Index 5
6.3624214	0.15432897
1.158923	0.53532814
0.3136498	0.4446345422


 *** Overlap Matrix --------------------------------------

[[1.        ,0.12329907,0.09883478,0.17142309,0.21072483],
 [0.12329907,1.        ,0.01435254,0.00755526,0.04356655],
 [0.09883478,0.01435254,1.        ,0.01439263,0.01066673],
 [0.17142309,0.00755526,0.01439263,1.        ,0.02574582],
 [0.21072483,0.04356655,0.01066673,0.02574582,1.        ]]

 *** T matrix --------------------------------------

[[ 1.41176319e+00,-1.82961725e-02,-2.05961773e-02,-9.85825689e-03,
   7.86987378e-04],
 [-1.82961725e-02, 1.41176319e+00,-1.05952178e-02,-6.80061036e-03,
  -1.89916017e-02],
 [-2.05961773e-02,-1.05952178e-02, 1.41176319e+00,-1.06143829e-02,
  -8.68523530e-03],
 [-9.85825689e-03,-6.80061036e-03,-1.06143829e-02, 1.41176319e+00,
  -1.49884726e-02],
 [ 7.86987378e-04,-1.89916017e-02,-8.68523530e-03,-1.49884726e-02,
   1.41176319e+00]]

 *** H matrix --------------------------------------

[[-3.34282672,-0.46080416,-0.36476494,-0.478997  ,-0.61178724],
 [-0.46080416,-3.1235565 ,-0.05423272,-0.02817026,-0.13923682],
 [-0.36476494,-0.05423272,-3.07781717,-0.0482905 ,-0.03881364],
 [-0.478997  ,-0.02817026,-0.0482905 ,-0.2891218 ,-0.07400131],
 [-0.61178724,-0.13923682,-0.03881364,-0.07400131,-0.47408661]]

 *** X matrix. Canonical orthogonalization --------------------------------------

[[ 0.87355352, 0.03296854, 0.03162454,-0.03348981, 0.58025028],
 [-0.26742278,-0.66151182,-0.26125129, 0.60188781, 0.27628491],
 [-0.24416466, 0.106571  ,-0.83300663,-0.45081401, 0.20464794],
 [-0.45287259,-0.40556689, 0.469876  ,-0.57315903, 0.33425016],
 [-0.55085982, 0.65960949, 0.15990836, 0.32572208, 0.42053214]]

 *** SCF Method -------------------------------------- 

Cycle: 1 Energy_Total: 3.7498444565971214
Cycle: 2 Energy_Total: -8.370561496109715
Cycle: 3 Energy_Total: -8.384270513542127
Cycle: 4 Energy_Total: -8.38460534031777
Cycle: 5 Energy_Total: -8.384613135677643
